{
  "nbformat": 4,
  "nbformat_minor": 0,
  "metadata": {
    "colab": {
      "provenance": [],
      "include_colab_link": true
    },
    "kernelspec": {
      "name": "python3",
      "display_name": "Python 3"
    },
    "language_info": {
      "name": "python"
    }
  },
  "cells": [
    {
      "cell_type": "markdown",
      "metadata": {
        "id": "view-in-github",
        "colab_type": "text"
      },
      "source": [
        "<a href=\"https://colab.research.google.com/github/Annette-1/Ecuaciones_Diferenciales_Parciales/blob/main/Metodo_de_Uniformizacion.ipynb\" target=\"_parent\"><img src=\"https://colab.research.google.com/assets/colab-badge.svg\" alt=\"Open In Colab\"/></a>"
      ]
    },
    {
      "cell_type": "markdown",
      "source": [
        "# <span style=\"color:purple;\">**MÉTODO DE UNIFORMIZACIÓN**</span>"
      ],
      "metadata": {
        "id": "y7RH20TJ-tGS"
      }
    },
    {
      "cell_type": "markdown",
      "source": [
        "<span style=\"color:teal;\">**Nombre:** </span> Jerónimo López Annette Michelle"
      ],
      "metadata": {
        "id": "rAXRWbbT505R"
      }
    },
    {
      "cell_type": "markdown",
      "source": [
        "<span style=\"color:teal;\"> **Objetivo:**</span> Implementar y comparar dos métodos numéricos para el cálculo de la matriz de\n",
        "probabilidades de transición P(t) en cadenas de Markov en tiempo continuo,\n",
        "aplicando el **método de uniformización** (o randomización) a una matriz de\n",
        "tasas R dada."
      ],
      "metadata": {
        "id": "lSdluLeh6FeZ"
      }
    },
    {
      "cell_type": "markdown",
      "source": [
        "Dado ${X(t), t\\geq0}$ queremos calcular la pmf de $X(t)$.\n",
        "Supongamos conocida $X(0)$. Queremos:\n",
        "* $$P(X(t)=j)=\\sum_{i=1}^{n} P(X(t)= j  \\lvert  X(0)=i)P(x(0))= i,     1 \\leq j \\leq N $$\n",
        "\n",
        "Entonces, necesitamos calcular $$ P(X(t)= j  \\lvert  X(0)=i)=p_{ij}(t)$$\n",
        "* $P(t)=\\[p_{ij}(t)]\\$\n",
        "\n",
        "\n",
        "y recordar que $R=\\[r_{ij}]\\$\n",
        "\n",
        "Sea $r \\geq max \\{r_i\\},  1 \\leq j \\leq N$\n",
        "\n"
      ],
      "metadata": {
        "id": "QJsz85td_Syq"
      }
    },
    {
      "cell_type": "markdown",
      "source": [
        "Definimos $ \\hat{P}=  [ \\hat{p}_{ij}]\\ $ así:\n",
        "\n"
      ],
      "metadata": {
        "id": "ag_WlIFqE8CZ"
      }
    },
    {
      "cell_type": "markdown",
      "source": [
        "<span style=\"color:orange;\">**Teorema:** La matriz de probabilidades de transición</span>\n",
        "$ P(t)= [p_{ij}(t)]\\ $ esta dada por:\n",
        "$$ P(t)= \\sum_{k=1}^{∞} e ^{-rt} \\frac{(rt)^k}{k!}  \\hat{P}^k$$"
      ],
      "metadata": {
        "id": "9Pq_ysK1F5oR"
      }
    },
    {
      "cell_type": "markdown",
      "source": [
        "Este **Teorema** nos permite aproximar $P(t)$ usando $M$ términos de la serie. ¿Cómo elegir $M$?\n",
        "$$ M\\approx max \\{ rt+5* \\sqrt{rt}, 20 \\} $$"
      ],
      "metadata": {
        "id": "o-Cra3mqHWmw"
      }
    },
    {
      "cell_type": "markdown",
      "source": [
        "****"
      ],
      "metadata": {
        "id": "TiVulzxrIaI4"
      }
    },
    {
      "cell_type": "markdown",
      "source": [
        "<span style=\"color:magenta;\">**Ejercicio 3 para programar :**</span>\n",
        "\n",
        "Sea la matriz\n",
        "$$\n",
        "R=\n",
        "\\begin{bmatrix}\n",
        "0 & 2 & 3 & 0 \\\\\n",
        "4 & 0 & 2 & 0 \\\\\n",
        "0 & 2 & 0 & 2 \\\\\n",
        "1 & 0 & 3 & 0\n",
        "\\end{bmatrix}\n",
        "$$\n",
        "\n",
        "1.   Escribir $P(t)$ usando el teorema anterior\n",
        "2.   Calcular $P(0.5), P(1)$ y $P(5)$\n",
        "3.   Verificar que $P(1)=P(0.5)P(0.5)$ según las ecuaciones de **Chapman-Kolmogorov**\n",
        "\n",
        "\n",
        "\n"
      ],
      "metadata": {
        "id": "JrkKBofcIiLe"
      }
    },
    {
      "cell_type": "code",
      "execution_count": null,
      "metadata": {
        "id": "YbRqVPq0-qdP"
      },
      "outputs": [],
      "source": [
        "#Importamos la librerias necesarias\n",
        "import sympy as sp\n",
        "from sympy import Matrix, symbols, exp, factorial, sqrt, eye, zeros"
      ]
    },
    {
      "cell_type": "code",
      "source": [
        "# Definimos la matriz de R\n",
        "R=sp.Matrix([[0, 2,3,0], [4,0,2,0] , [0,2,0,2] , [1,0,3,0]])\n",
        "R"
      ],
      "metadata": {
        "colab": {
          "base_uri": "https://localhost:8080/",
          "height": 98
        },
        "id": "5gBlpRHJLA7H",
        "outputId": "0d1a3b3c-5c84-4451-9923-18743781b804"
      },
      "execution_count": null,
      "outputs": [
        {
          "output_type": "execute_result",
          "data": {
            "text/plain": [
              "Matrix([\n",
              "[0, 2, 3, 0],\n",
              "[4, 0, 2, 0],\n",
              "[0, 2, 0, 2],\n",
              "[1, 0, 3, 0]])"
            ],
            "text/latex": "$\\displaystyle \\left[\\begin{matrix}0 & 2 & 3 & 0\\\\4 & 0 & 2 & 0\\\\0 & 2 & 0 & 2\\\\1 & 0 & 3 & 0\\end{matrix}\\right]$"
          },
          "metadata": {},
          "execution_count": 502
        }
      ]
    },
    {
      "cell_type": "markdown",
      "source": [
        "\n",
        "Escribimos $P(t)$ usando el teorema anterior.\n",
        "\n",
        "Donde en este caso el $r \\geq max \\{r_i\\},  1 \\leq j \\leq N$\n",
        "es $r=6$"
      ],
      "metadata": {
        "id": "ZSEru6MwLjr9"
      }
    },
    {
      "cell_type": "code",
      "metadata": {
        "colab": {
          "base_uri": "https://localhost:8080/"
        },
        "id": "314d1548",
        "outputId": "3593c822-3531-4288-841d-617282128b8f"
      },
      "source": [
        "r_i = [sum(row) for row in R.tolist()] #sumamos fila a fila para obtener r max\n",
        "r = max(r_i)\n",
        "print(f\"Sumas Individuales (r_i): {r_i}\")\n",
        "print(f\"Maxima valor de la suma (r): {r}\")"
      ],
      "execution_count": null,
      "outputs": [
        {
          "output_type": "stream",
          "name": "stdout",
          "text": [
            "Sumas Individuales (r_i): [5, 6, 4, 4]\n",
            "Maxima valor de la suma (r): 6\n"
          ]
        }
      ]
    },
    {
      "cell_type": "markdown",
      "source": [
        "Aplicamos el **Teorema** para convervir a R en una matriz estocástica"
      ],
      "metadata": {
        "id": "giksml2NeoA0"
      }
    },
    {
      "cell_type": "code",
      "source": [
        "n_estados = R.shape[0]\n",
        "I = sp.eye(n_estados)  # Matriz identidad del tamaño del número de estados\n",
        "\n",
        "P_hat = sp.zeros(n_estados, n_estados)\n",
        "for i in range(n_estados):\n",
        "    for j in range(n_estados):\n",
        "        if i == j:\n",
        "            # Calcula la probabilidad de permanecer en el mismo estado\n",
        "            P_hat[i, j] = 1 - r_i[i] / r\n",
        "        else:\n",
        "            # Calcula la probabilidad de transición entre estados distintos\n",
        "            P_hat[i, j] = R[i, j] / r\n",
        "\n",
        "print(\"Matriz estocástica P_hat:\")\n",
        "display(P_hat)"
      ],
      "metadata": {
        "colab": {
          "base_uri": "https://localhost:8080/",
          "height": 116
        },
        "id": "NZNAj3r286uC",
        "outputId": "1bf55eb6-f89e-43bb-f911-f52e9c33652a"
      },
      "execution_count": null,
      "outputs": [
        {
          "output_type": "stream",
          "name": "stdout",
          "text": [
            "Matriz estocástica P_hat:\n"
          ]
        },
        {
          "output_type": "display_data",
          "data": {
            "text/plain": [
              "Matrix([\n",
              "[1/6, 1/3, 1/2,   0],\n",
              "[2/3,   0, 1/3,   0],\n",
              "[  0, 1/3, 1/3, 1/3],\n",
              "[1/6,   0, 1/2, 1/3]])"
            ],
            "text/latex": "$\\displaystyle \\left[\\begin{matrix}\\frac{1}{6} & \\frac{1}{3} & \\frac{1}{2} & 0\\\\\\frac{2}{3} & 0 & \\frac{1}{3} & 0\\\\0 & \\frac{1}{3} & \\frac{1}{3} & \\frac{1}{3}\\\\\\frac{1}{6} & 0 & \\frac{1}{2} & \\frac{1}{3}\\end{matrix}\\right]$"
          },
          "metadata": {}
        }
      ]
    },
    {
      "cell_type": "markdown",
      "source": [
        "Verificamos que la matriz $P^̂$ sea estocastica es decir sus renglones sumen 1\n"
      ],
      "metadata": {
        "id": "MZbT07Fc_RGg"
      }
    },
    {
      "cell_type": "code",
      "source": [
        "print(\"Verificación: cada fila debe sumar 1\")\n",
        "for i in range(n_estados):\n",
        "    suma_fila = sum(P_hat[i, j] for j in range(n_estados))\n",
        "    print(f\"Fila {i}: suma = {sp.simplify(suma_fila)}\")\n",
        "print(\"\\n\")"
      ],
      "metadata": {
        "colab": {
          "base_uri": "https://localhost:8080/"
        },
        "id": "cR1S3w4q_zmx",
        "outputId": "4fbdc7c9-c234-49a8-bc86-0c2ab7e30d03"
      },
      "execution_count": null,
      "outputs": [
        {
          "output_type": "stream",
          "name": "stdout",
          "text": [
            "Verificación: cada fila debe sumar 1\n",
            "Fila 0: suma = 1\n",
            "Fila 1: suma = 1\n",
            "Fila 2: suma = 1\n",
            "Fila 3: suma = 1\n",
            "\n",
            "\n"
          ]
        }
      ]
    },
    {
      "cell_type": "markdown",
      "metadata": {
        "id": "843bf594"
      },
      "source": [
        "Creamos una Función para calcular $P(t)$ usando el método de uniformización para un tiempo dado:\n",
        "\n",
        "    \"\"\"\n",
        "    Parámetros:\n",
        "    -----------\n",
        "    t_valor : Tiempo en el que se evalúa la matriz de transición\n",
        "    R_matrix : Matriz de tasas\n",
        "    \n",
        "    Retorna:\n",
        "    --------\n",
        "    sympy Matrix\n",
        "        Matriz P(t) de probabilidades de transición\n",
        "    \"\"\"\n",
        "    \n",
        "Para calcular $P(0.5), P(1)$ y $P(5)$"
      ]
    },
    {
      "cell_type": "code",
      "metadata": {
        "id": "d5dfdc07"
      },
      "source": [
        "def calcular_P_t(t_valor, R_matrix):\n",
        "    # --- 1. Recalculamos r y P̂ (para independencia de la función) ---\n",
        "    r_i_local = [sum(row) for row in R_matrix.tolist()]\n",
        "    r_local = max(r_i_local)\n",
        "    n_estados_local = R_matrix.shape[0]\n",
        "\n",
        "    # Construimos P̂ local\n",
        "    P_hat_local = sp.zeros(n_estados_local, n_estados_local)\n",
        "    for i in range(n_estados_local):\n",
        "        for j in range(n_estados_local):\n",
        "            if i == j:\n",
        "                P_hat_local[i, j] = 1 - r_i_local[i] / r_local\n",
        "            else:\n",
        "                P_hat_local[i, j] = R_matrix[i, j] / r_local\n",
        "\n",
        "    # --- 2. Determinamos el número de términos M para la serie ---\n",
        "    # Fórmula: M ≈ max(rt + 5√(rt), 20)\n",
        "    # Esto garantiza que el error de truncamiento sea despreciable\n",
        "    rt = r_local * t_valor\n",
        "    M = int(max(rt + 5 * sp.sqrt(rt), 20))\n",
        "\n",
        "    print(f\"Para t = {t_valor}:\")\n",
        "    print(f\"  rt = {float(rt):.2f}\")\n",
        "    print(f\"  M = {M} términos\")\n",
        "\n",
        "    # --- 3. Calculamos la serie truncada ---\n",
        "    # P(t) = Σ_{k=0}^{M} e^{-rt} (rt)^k/k! · P̂^k\n",
        "    P_t = sp.zeros(n_estados_local, n_estados_local)  # Inicializar P(t)\n",
        "    potencia_P_hat = sp.eye(n_estados_local)          # P̂^0 = I\n",
        "\n",
        "    # Sumam os los términos desde k=0 hasta M\n",
        "    for k in range(M + 1):  # Incluir k = M\n",
        "        # Calcular coeficiente de Poisson: e^{-rt} * (rt)^k / k!\n",
        "        coeficiente = sp.exp(-rt) * (rt**k / sp.factorial(k))\n",
        "\n",
        "        # Añadir término: coeficiente * P̂^k\n",
        "        P_t += coeficiente * potencia_P_hat\n",
        "\n",
        "        # Preparar P̂^(k+1) para la siguiente iteración\n",
        "        potencia_P_hat = potencia_P_hat * P_hat_local\n",
        "\n",
        "    return P_t\n"
      ],
      "execution_count": null,
      "outputs": []
    },
    {
      "cell_type": "code",
      "source": [
        "# Calculamos P(t) para los tiempos solicitados: t = 0.5, 1, 5\n",
        "print(\"CÁLCULO DE P(t) PARA DIFERENTES TIEMPOS\")\n",
        "\n",
        "t_vals = [0.5, 1, 5]\n",
        "resultados = {}\n",
        "\n",
        "for t in t_vals:\n",
        "    P_t = calcular_P_t(t, R)\n",
        "    resultados[t] = P_t\n",
        "\n",
        "    print(f\"\\nP({t}) =\")\n",
        "    P_t_numerica = sp.N(P_t, 12)  # 12 decimales\n",
        "    display(P_t_numerica)\n"
      ],
      "metadata": {
        "colab": {
          "base_uri": "https://localhost:8080/",
          "height": 539
        },
        "id": "6TC8ASYJBLXo",
        "outputId": "0ad440e2-f23c-4b07-dc01-081741dd7d59"
      },
      "execution_count": null,
      "outputs": [
        {
          "output_type": "stream",
          "name": "stdout",
          "text": [
            "CÁLCULO DE P(t) PARA DIFERENTES TIEMPOS\n",
            "Para t = 0.5:\n",
            "  rt = 3.00\n",
            "  M = 20 términos\n",
            "\n",
            "P(0.5) =\n"
          ]
        },
        {
          "output_type": "display_data",
          "data": {
            "text/plain": [
              "Matrix([\n",
              "[0.250608679645, 0.216964598159, 0.386656935582, 0.145769786602],\n",
              "[0.253134844845, 0.238360983781, 0.374409239718, 0.134094931645],\n",
              "[0.169119496516, 0.193614888245, 0.420301017069, 0.216964598159],\n",
              "[0.158017482467, 0.157444641559, 0.398331790539, 0.286206085423]])"
            ],
            "text/latex": "$\\displaystyle \\left[\\begin{matrix}0.250608679645 & 0.216964598159 & 0.386656935582 & 0.145769786602\\\\0.253134844845 & 0.238360983781 & 0.374409239718 & 0.134094931645\\\\0.169119496516 & 0.193614888245 & 0.420301017069 & 0.216964598159\\\\0.158017482467 & 0.157444641559 & 0.398331790539 & 0.286206085423\\end{matrix}\\right]$"
          },
          "metadata": {}
        },
        {
          "output_type": "stream",
          "name": "stdout",
          "text": [
            "Para t = 1:\n",
            "  rt = 6.00\n",
            "  M = 20 términos\n",
            "\n",
            "P(1) =\n"
          ]
        },
        {
          "output_type": "display_data",
          "data": {
            "text/plain": [
              "Matrix([\n",
              "[0.206151120157, 0.203902026694, 0.398709595696, 0.191235802346],\n",
              "[ 0.20828421449, 0.205340699017, 0.397899174557, 0.188474456828],\n",
              "[ 0.19675849338, 0.198379335659,  0.40095868916, 0.203902026694],\n",
              "[0.192046223485, 0.193997147863, 0.401470941214, 0.212484232331]])"
            ],
            "text/latex": "$\\displaystyle \\left[\\begin{matrix}0.206151120157 & 0.203902026694 & 0.398709595696 & 0.191235802346\\\\0.20828421449 & 0.205340699017 & 0.397899174557 & 0.188474456828\\\\0.19675849338 & 0.198379335659 & 0.40095868916 & 0.203902026694\\\\0.192046223485 & 0.193997147863 & 0.401470941214 & 0.212484232331\\end{matrix}\\right]$"
          },
          "metadata": {}
        },
        {
          "output_type": "stream",
          "name": "stdout",
          "text": [
            "Para t = 5:\n",
            "  rt = 30.00\n",
            "  M = 57 términos\n",
            "\n",
            "P(5) =\n"
          ]
        },
        {
          "output_type": "display_data",
          "data": {
            "text/plain": [
              "Matrix([\n",
              "[0.199999251328, 0.199999250687, 0.399998498066, 0.199999246177],\n",
              "[0.199999252039, 0.199999251178, 0.399998497916, 0.199999245124],\n",
              "[0.199999248282, 0.199999248581, 0.399998498707, 0.199999250687],\n",
              "[0.199999246326, 0.199999247229, 0.399998499119, 0.199999253583]])"
            ],
            "text/latex": "$\\displaystyle \\left[\\begin{matrix}0.199999251328 & 0.199999250687 & 0.399998498066 & 0.199999246177\\\\0.199999252039 & 0.199999251178 & 0.399998497916 & 0.199999245124\\\\0.199999248282 & 0.199999248581 & 0.399998498707 & 0.199999250687\\\\0.199999246326 & 0.199999247229 & 0.399998499119 & 0.199999253583\\end{matrix}\\right]$"
          },
          "metadata": {}
        }
      ]
    },
    {
      "cell_type": "markdown",
      "source": [
        "Procedemos que los renglones para cada tiempo sus probabilidades sumen uno para verificar que estamos bien."
      ],
      "metadata": {
        "id": "3KFjToaoB-67"
      }
    },
    {
      "cell_type": "code",
      "source": [
        "# Verificar que cada fila suma 1 (propiedad de matriz estocástica)\n",
        "print(\"Verificamos (sumas de filas deben ser 1):\")\n",
        "for i in range(n_estados):\n",
        "    suma_fila = sum(P_t[i, j] for j in range(n_estados))\n",
        "    print(f\"  Fila {i}: {sp.simplify(suma_fila)} = {float(sp.N(suma_fila, 6))}\")"
      ],
      "metadata": {
        "colab": {
          "base_uri": "https://localhost:8080/"
        },
        "id": "kN2jjiA1B7jF",
        "outputId": "b7e5714c-033d-47a6-be57-7ee832bce56f"
      },
      "execution_count": null,
      "outputs": [
        {
          "output_type": "stream",
          "name": "stdout",
          "text": [
            "Verificamos (sumas de filas deben ser 1):\n",
            "  Fila 0: 5165385233600559257803742011942922257289841715102789*exp(-30)/483359089454045704296419725086376161169 = 0.9999961853027344\n",
            "  Fila 1: 5165385233600559257803742011942922257289841715102789*exp(-30)/483359089454045704296419725086376161169 = 0.9999961853027344\n",
            "  Fila 2: 5165385233600559257803742011942922257289841715102789*exp(-30)/483359089454045704296419725086376161169 = 0.9999961853027344\n",
            "  Fila 3: 5165385233600559257803742011942922257289841715102789*exp(-30)/483359089454045704296419725086376161169 = 0.9999961853027344\n"
          ]
        }
      ]
    },
    {
      "cell_type": "markdown",
      "source": [
        "Como podemos observar las sumas son aproximadas a $1$ debido a los decimales que estamos utilizando pero se comprueba que si lo suman"
      ],
      "metadata": {
        "id": "2DimrdQMCuKd"
      }
    },
    {
      "cell_type": "markdown",
      "metadata": {
        "id": "fc0233f1"
      },
      "source": [
        "### Verificamos si se cumple las Ecuaciones de Chapman-Kolmogorov"
      ]
    },
    {
      "cell_type": "markdown",
      "source": [
        "Verificamos numéricamente la propiedad de **semigrupo** de una cadena de Markov en tiempo continuo (CMTC):\n",
        "\n",
        "$$\n",
        "P(t+s)=P(t),P(s)\n",
        "$$\n",
        "\n",
        "En este caso comprobamos\n",
        "\n",
        "$$\n",
        "P(1)=P(0.5),P(0.5)\n",
        "$$\n"
      ],
      "metadata": {
        "id": "foB4b5sLe8Fi"
      }
    },
    {
      "cell_type": "code",
      "metadata": {
        "colab": {
          "base_uri": "https://localhost:8080/",
          "height": 301
        },
        "id": "9d2445a0",
        "outputId": "2a5fd939-7005-408a-87d9-350aa28d3235"
      },
      "source": [
        "# Chapman-Kolmogorov: P(t1 + t2) = P(t1) · P(t2)\n",
        "# En particular: P(1) = P(0.5) · P(0.5)\n",
        "print(\"VERIFICACIÓN DE LAS ECUACIONES DE CHAPMAN-KOLMOGOROV\")\n",
        "print(\"Teorema: P(t1 + t2) = P(t1) · P(t2)\")\n",
        "print(\"Verificando que P(1) = P(0.5) · P(0.5)\\n\")\n",
        "\n",
        "# Obtener las matrices\n",
        "P_05 = resultados[0.5]\n",
        "P_1 = resultados[1]\n",
        "\n",
        "# Calcular P(0.5) · P(0.5)\n",
        "P_05_por_P_05 = P_05 * P_05\n",
        "\n",
        "print(\"P(0.5) · P(0.5) =\")\n",
        "display(sp.N(P_05_por_P_05, 6))\n",
        "\n",
        "print(\"\\nP(1) =\")\n",
        "display(sp.N(P_1, 6))"
      ],
      "execution_count": null,
      "outputs": [
        {
          "output_type": "stream",
          "name": "stdout",
          "text": [
            "VERIFICACIÓN DE LAS ECUACIONES DE CHAPMAN-KOLMOGOROV\n",
            "Teorema: P(t1 + t2) = P(t1) · P(t2)\n",
            "Verificando que P(1) = P(0.5) · P(0.5)\n",
            "\n",
            "P(0.5) · P(0.5) =\n"
          ]
        },
        {
          "output_type": "display_data",
          "data": {
            "text/plain": [
              "Matrix([\n",
              "[0.206151, 0.203902,  0.39871, 0.191236],\n",
              "[0.208284, 0.205341,   0.3979, 0.188475],\n",
              "[0.196759,  0.19838, 0.400959, 0.203902],\n",
              "[0.192047, 0.193997, 0.401471, 0.212485]])"
            ],
            "text/latex": "$\\displaystyle \\left[\\begin{matrix}0.206151 & 0.203902 & 0.39871 & 0.191236\\\\0.208284 & 0.205341 & 0.3979 & 0.188475\\\\0.196759 & 0.19838 & 0.400959 & 0.203902\\\\0.192047 & 0.193997 & 0.401471 & 0.212485\\end{matrix}\\right]$"
          },
          "metadata": {}
        },
        {
          "output_type": "stream",
          "name": "stdout",
          "text": [
            "\n",
            "P(1) =\n"
          ]
        },
        {
          "output_type": "display_data",
          "data": {
            "text/plain": [
              "Matrix([\n",
              "[0.206151, 0.203902,  0.39871, 0.191236],\n",
              "[0.208284, 0.205341, 0.397899, 0.188474],\n",
              "[0.196759, 0.198379, 0.400959, 0.203902],\n",
              "[0.192046, 0.193997, 0.401471, 0.212484]])"
            ],
            "text/latex": "$\\displaystyle \\left[\\begin{matrix}0.206151 & 0.203902 & 0.39871 & 0.191236\\\\0.208284 & 0.205341 & 0.397899 & 0.188474\\\\0.196759 & 0.198379 & 0.400959 & 0.203902\\\\0.192046 & 0.193997 & 0.401471 & 0.212484\\end{matrix}\\right]$"
          },
          "metadata": {}
        }
      ]
    },
    {
      "cell_type": "markdown",
      "source": [
        "Calculamos el error para ver que tan lejano o cerca estamos del resultado exacto"
      ],
      "metadata": {
        "id": "55mfA0D9f7cb"
      }
    },
    {
      "cell_type": "code",
      "source": [
        "# Calcular la diferencia (error)\n",
        "diferencia = P_1 - P_05_por_P_05\n",
        "error_maximo = max(abs(sp.N(diferencia[i, j], 10))\n",
        "                   for i in range(n_estados)\n",
        "                   for j in range(n_estados))\n",
        "\n",
        "print(f\"\\nDiferencia P(1) - [P(0.5)·P(0.5)]:\")\n",
        "display(sp.N(diferencia, 6))"
      ],
      "metadata": {
        "colab": {
          "base_uri": "https://localhost:8080/",
          "height": 133
        },
        "id": "lOG0M7GTDazi",
        "outputId": "b9f3932a-b5f0-46c0-e447-3ec91920e5f7"
      },
      "execution_count": null,
      "outputs": [
        {
          "output_type": "stream",
          "name": "stdout",
          "text": [
            "\n",
            "Diferencia P(1) - [P(0.5)·P(0.5)]:\n"
          ]
        },
        {
          "output_type": "display_data",
          "data": {
            "text/plain": [
              "Matrix([\n",
              "[-2.91017e-7, -2.91017e-7, -5.82033e-7, -2.91017e-7],\n",
              "[-2.91017e-7, -2.91017e-7, -5.82033e-7, -2.91017e-7],\n",
              "[-2.91017e-7, -2.91017e-7, -5.82033e-7, -2.91017e-7],\n",
              "[-2.91017e-7, -2.91017e-7, -5.82033e-7, -2.91017e-7]])"
            ],
            "text/latex": "$\\displaystyle \\left[\\begin{matrix}-2.91017 \\cdot 10^{-7} & -2.91017 \\cdot 10^{-7} & -5.82033 \\cdot 10^{-7} & -2.91017 \\cdot 10^{-7}\\\\-2.91017 \\cdot 10^{-7} & -2.91017 \\cdot 10^{-7} & -5.82033 \\cdot 10^{-7} & -2.91017 \\cdot 10^{-7}\\\\-2.91017 \\cdot 10^{-7} & -2.91017 \\cdot 10^{-7} & -5.82033 \\cdot 10^{-7} & -2.91017 \\cdot 10^{-7}\\\\-2.91017 \\cdot 10^{-7} & -2.91017 \\cdot 10^{-7} & -5.82033 \\cdot 10^{-7} & -2.91017 \\cdot 10^{-7}\\end{matrix}\\right]$"
          },
          "metadata": {}
        }
      ]
    },
    {
      "cell_type": "code",
      "source": [
        "print(f\"\\nError máximo absoluto: {error_maximo:.2e}\")\n",
        "# Verificar si cumple Chapman-Kolmogorov dentro de la precisión numérica\n",
        "if error_maximo < 1e-6:\n",
        "    print(\"\\n VERIFICADO: Se cumple Chapman-Kolmogorov con alta precisión\")\n",
        "elif error_maximo < 1e-5:\n",
        "    print(\"\\n CUMPLE APROXIMADAMENTE: Error pequeño, dentro de lo esperado\")\n",
        "else:\n",
        "    print(\"\\n NO SE CUMPLE: Error significativo, aumentar M para mejorar\")"
      ],
      "metadata": {
        "colab": {
          "base_uri": "https://localhost:8080/"
        },
        "id": "vfY5pNewD1pD",
        "outputId": "1ccf4d85-44d7-4a62-808b-142ffc0bca98"
      },
      "execution_count": null,
      "outputs": [
        {
          "output_type": "stream",
          "name": "stdout",
          "text": [
            "\n",
            "Error máximo absoluto: 5.82e-7\n",
            "\n",
            " VERIFICADO: Se cumple Chapman-Kolmogorov con alta precisión\n"
          ]
        }
      ]
    },
    {
      "cell_type": "markdown",
      "source": [
        " La diferencia entre ambas matrices fue prácticamente nula , lo cual confirma la consistencia del cálculo de las probabilidades de transición y la validez de la propiedad semigrupo $P(t+s)=P(t)P(s)$.\n"
      ],
      "metadata": {
        "id": "jNOn35L6gECg"
      }
    },
    {
      "cell_type": "markdown",
      "source": [
        "### <span style=\"color:orange;\"> **Teorema 4 (Cotas de error para $P(t)$)**</span>\n",
        "\n",
        "Para un $t \\geq 0$ fijo, sea\n",
        "\n",
        "$$\n",
        "P^{M}(t)=\\left[p_{ij}^{M}(t)\\right]\n",
        "=\n",
        "\\sum_{k=0}^{M}\n",
        "e^{-rt}\\frac{(rt)^k}{k!}\\,\\hat{P}^{\\,k}\n",
        "$$\n",
        "\n",
        " <span style=\"color:magenta;\">**Ejercicio para programar** Este teorema se puede usar así:</span>\n",
        "\n",
        "   Suponga que se desea calcular $P(t)$ con una tolerancia $\\varepsilon$.\n",
        "   \n",
        "   Elija $M$ tal que\n",
        "\n",
        "$$\n",
        "\\sum_{k=M+1}^{\\infty}\n",
        "e^{-rt}\\frac{(rt)^k}{k!}\n",
        "\\leq \\varepsilon.\n",
        "$$"
      ],
      "metadata": {
        "id": "GeM7ifuMECAC"
      }
    },
    {
      "cell_type": "markdown",
      "source": [
        "\n",
        "\n",
        "Y se puede implementar de acuerdo al siguiente **algoritmo de uniformización para $P(t)$**:\n",
        "\n",
        "1. Dados $R,t,0<\\varepsilon<1$.\n",
        "\n",
        "2. Calcular $r$ usando la igualdad en la definición.\n",
        "\n",
        "3. Calcular $\\hat{P}$.\n",
        "\n",
        "4. Inicializar\n",
        "\n",
        "$$\n",
        "A=\\hat{P},\n",
        "\\qquad\n",
        "B=e^{-rt}I,\n",
        "\\qquad\n",
        "c=e^{-rt},\n",
        "\\qquad\n",
        "\\text{sum}=c,\n",
        "\\qquad\n",
        "k=1.\n",
        "$$\n",
        "\n",
        "5. Mientras $\\text{sum}<1-\\varepsilon$ hacer:\n",
        "\n",
        "$$\n",
        "c=c\\,\\frac{rt}{k}\n",
        "$$\n",
        "\n",
        "$$\n",
        "B=B+cA\n",
        "$$\n",
        "\n",
        "$$\n",
        "A=A\\hat{P}\n",
        "$$\n",
        "\n",
        "$$\n",
        "\\text{sum}=\\text{sum}+c\n",
        "$$\n",
        "\n",
        "$$\n",
        "k=k+1\n",
        "$$\n",
        "\n",
        "6. $B$ está a $\\varepsilon$ de $P(t)$."
      ],
      "metadata": {
        "id": "a1JXYdEbGz6-"
      }
    },
    {
      "cell_type": "code",
      "source": [
        "#Importamos algunas librerias necesarias\n",
        "import numpy as np\n",
        "from scipy.stats import poisson\n",
        "import matplotlib.pyplot as plt"
      ],
      "metadata": {
        "id": "3mqdhuP9GzI9"
      },
      "execution_count": null,
      "outputs": []
    },
    {
      "cell_type": "markdown",
      "source": [
        "Usando la matriz\n",
        "$$\n",
        "R=\n",
        "\\begin{bmatrix}\n",
        "0 & 2 & 3 & 0 \\\\\n",
        "4 & 0 & 2 & 0 \\\\\n",
        "0 & 2 & 0 & 2 \\\\\n",
        "1 & 0 & 3 & 0\n",
        "\\end{bmatrix}\n",
        "$$"
      ],
      "metadata": {
        "id": "KEkZ_XA5HocM"
      }
    },
    {
      "cell_type": "markdown",
      "source": [
        "Creamos una Función para calcular parámetros de uniformización igual a la que se uso anteriormente en el ejercicio:\n"
      ],
      "metadata": {
        "id": "r8NEnXY1H21a"
      }
    },
    {
      "cell_type": "code",
      "source": [
        "def calcular_parametros_uniformizacion(R):\n",
        "    n = R.shape[0]\n",
        "\n",
        "    # Calcular tasas de salida por estado (suma de cada fila)\n",
        "    tasas_salida = np.sum(R, axis=1)\n",
        "    r = np.max(tasas_salida)\n",
        "\n",
        "    # Construir P̂ = I + (1/r) R\n",
        "    I = np.eye(n)\n",
        "    P_hat = I + (1/r) * R\n",
        "\n",
        "    return r, P_hat"
      ],
      "metadata": {
        "id": "EWDQOzAjF8xU"
      },
      "execution_count": null,
      "outputs": []
    },
    {
      "cell_type": "markdown",
      "source": [
        "Implementamos el algoritmo de uniformización con tolerancia $ε$ la función contendra lo siguiente:\n",
        "\n",
        "    \"\"\"\n",
        "    Calculamos P(t) usando el método de uniformización con control de error.\n",
        "    \n",
        "    Implementamos el algoritmo descrito en el Teorema 4:\n",
        "    - Calcula la serie de Poisson hasta que la suma acumulada alcanza 1-ε\n",
        "    - Garantiza un error menor o igual a ε\n",
        "    \n",
        "    Parámetros:\n",
        "    -----------\n",
        "    R :\n",
        "        Matriz de tasas (generador infinitesimal)\n",
        "    t :\n",
        "        Tiempo en el que evaluar P(t)\n",
        "    epsilon :\n",
        "        Tolerancia para el error de truncamiento (0 < ε < 1)\n",
        "    Retorna:\n",
        "    --------\n",
        "    B :\n",
        "        Aproximación a P(t) con error ≤ ε\n",
        "    M : int\n",
        "        Número de términos utilizados (M = k-1)\n",
        "    error_real :\n",
        "        Cota superior real del error (cola de Poisson)\n",
        "    \"\"\""
      ],
      "metadata": {
        "id": "SOVRjO3OIGEp"
      }
    },
    {
      "cell_type": "code",
      "source": [
        "def uniformizacion_con_tolerancia(R, t, epsilon=1e-6, verbose=True):\n",
        "    if isinstance(R, sp.Matrix):\n",
        "        R_np = np.array(R.tolist(), dtype=float)\n",
        "    else:\n",
        "        R_np = R\n",
        "\n",
        "    # --- Paso 1: Calcular parámetros r y P̂ ---\n",
        "    r, P_hat = calcular_parametros_uniformizacion(R_np) # Pass numpy array\n",
        "    n = R_np.shape[0] # Use R_np.shape[0]\n",
        "    rt = r * t\n",
        "    # --- Paso 2: Inicializar variables según algoritmo ---\n",
        "    A = P_hat.copy()                    # A = P̂\n",
        "    B = np.exp(-rt) * np.eye(n)         # B = e^{-rt} · I\n",
        "    c = np.exp(-rt)                     # c = e^{-rt}\n",
        "    suma = c                            # suma = c (término k=0)\n",
        "    k = 1                               # k = 1 (próximo término)\n",
        "\n",
        "    # --- Paso 3: Bucle hasta que suma alcance 1-ε ---\n",
        "    while suma < 1 - epsilon:\n",
        "        # Actualizar coeficiente de Poisson: c = c * (rt / k)\n",
        "        c = c * (rt / k)\n",
        "\n",
        "        # Actualizar B: B = B + c * A\n",
        "        B = B + c * A\n",
        "\n",
        "        # Actualizar A: A = A @ P_hat (siguiente potencia)\n",
        "        A = A @ P_hat\n",
        "\n",
        "        # Actualizar suma acumulada\n",
        "        suma = suma + c\n",
        "        k = k + 1\n",
        "\n",
        "    # Número de términos utilizados (M = k-1 porque k se incrementa al final)\n",
        "    M = k - 1\n",
        "\n",
        "    # --- Paso 4: Calcular error real (cola de Poisson) ---\n",
        "    # El error está acotado por la probabilidad de que Poisson(rt) > M\n",
        "    error_real = 1 - poisson.cdf(M, rt)\n",
        "\n",
        "    if verbose:\n",
        "        print(f\"\\n--- Resultados ---\")\n",
        "        print(f\"Número de términos utilizados: M = {M}\")\n",
        "        print(f\"Suma acumulada final: {suma:.10f}\")\n",
        "        print(f\"Error real acotado (cola de Poisson): {error_real:.2e}\")\n",
        "        print(f\"Error real ≤ ε? {error_real <= epsilon} (ε={epsilon})\")\n",
        "        print()\n",
        "\n",
        "    return B, M, error_real"
      ],
      "metadata": {
        "id": "4LlrbsauIJrw"
      },
      "execution_count": null,
      "outputs": []
    },
    {
      "cell_type": "markdown",
      "source": [
        " verificamos Chapman-Kolmogorov"
      ],
      "metadata": {
        "id": "d9rMrIonK8TZ"
      }
    },
    {
      "cell_type": "code",
      "source": [
        "def verificar_chapman_kolmogorov(P_t1, P_t2, P_t1_mas_t2, tolerancia=1e-6):\n",
        "  # Calcular producto P(t1) · P(t2)\n",
        "    producto = P_t1 @ P_t2\n",
        "\n",
        "    # Calcular diferencia\n",
        "    diferencia = P_t1_mas_t2 - producto\n",
        "    error_max = np.max(np.abs(diferencia))\n",
        "\n",
        "    cumple = error_max <= tolerancia\n",
        "\n",
        "    return cumple, error_max"
      ],
      "metadata": {
        "id": "rS3eAubGJTcF"
      },
      "execution_count": null,
      "outputs": []
    },
    {
      "cell_type": "markdown",
      "source": [
        "Aplicar el algoritmo para diferentes tiempos los decritos anteriormente en el **ejercicio 3**.\n"
      ],
      "metadata": {
        "id": "b-kJhyYLLOP8"
      }
    },
    {
      "cell_type": "code",
      "source": [
        "# Tiempos a evaluar (según el ejercicio)\n",
        "tiempos = [0.5, 1.0, 5.0]\n",
        "epsilon = 1e-8  # Tolerancia muy pequeña para alta precisión\n",
        "# Almacenamos los  resultados\n",
        "resultados = {}\n",
        "\n",
        "for t in tiempos:\n",
        "    P_t, M, error = uniformizacion_con_tolerancia(R, t, epsilon, verbose=True)\n",
        "    resultados[t] = P_t\n",
        "\n",
        "    print(f\"P({t}) ≈\")\n",
        "    print(np.round(P_t, 8))\n",
        "    print(\"\\n\" + \"-\" * 70 + \"\\n\")"
      ],
      "metadata": {
        "colab": {
          "base_uri": "https://localhost:8080/"
        },
        "id": "rHST3Pr1LJID",
        "outputId": "9df47ba2-21fd-4455-a14e-6890667773ed"
      },
      "execution_count": null,
      "outputs": [
        {
          "output_type": "stream",
          "name": "stdout",
          "text": [
            "\n",
            "--- Resultados ---\n",
            "Número de términos utilizados: M = 17\n",
            "Suma acumulada final: 0.9999999964\n",
            "Error real acotado (cola de Poisson): 3.57e-09\n",
            "Error real ≤ ε? True (ε=1e-08)\n",
            "\n",
            "P(0.5) ≈\n",
            "[[3.18530345 2.93252787 3.93926236 1.34334037]\n",
            " [3.71344597 3.77765681 4.38288244 1.39495982]\n",
            " [1.88218664 2.23127267 3.56174078 1.6962017 ]\n",
            " [1.59720021 1.6662706  3.21597273 2.16678096]]\n",
            "\n",
            "----------------------------------------------------------------------\n",
            "\n",
            "\n",
            "--- Resultados ---\n",
            "Número de términos utilizados: M = 24\n",
            "Suma acumulada final: 0.9999999941\n",
            "Error real acotado (cola de Poisson): 5.89e-09\n",
            "Error real ≤ ε? True (ε=1e-08)\n",
            "\n",
            "P(1.0) ≈\n",
            "[[30.59253455 31.4434785  43.74647738 17.96011924]\n",
            " [36.32998257 37.26009775 51.27625055 20.71245928]\n",
            " [23.69135603 24.71927612 35.33080576 15.35601207]\n",
            " [20.78657571 21.76206404 32.01407772 14.61834647]]\n",
            "\n",
            "----------------------------------------------------------------------\n",
            "\n",
            "\n",
            "--- Resultados ---\n",
            "Número de términos utilizados: M = 65\n",
            "Suma acumulada final: 0.9999999905\n",
            "Error real acotado (cola de Poisson): 9.53e-09\n",
            "Error real ≤ ε? True (ε=1e-08)\n",
            "\n",
            "P(5.0) ≈\n",
            "[[5.04487235e+09 5.21567572e+09 7.33729671e+09 3.09065074e+09]\n",
            " [5.94409758e+09 6.14534585e+09 8.64513599e+09 3.64154496e+09]\n",
            " [4.02171948e+09 4.15788214e+09 5.84921625e+09 2.46383450e+09]\n",
            " [3.60358395e+09 3.72558988e+09 5.24107712e+09 2.20767129e+09]]\n",
            "\n",
            "----------------------------------------------------------------------\n",
            "\n"
          ]
        }
      ]
    },
    {
      "cell_type": "markdown",
      "source": [
        "<span style=\"color:magenta;\">**Ejercicio**</span>\n",
        "\n",
        "Repita el **ejercicio 3** aplicando este algoritmo con una tolerancia $ε = 0.00001$ (indique el valor correspondiente de M en cada caso). Compare los resultados."
      ],
      "metadata": {
        "id": "5YxOhJeNNEsC"
      }
    },
    {
      "cell_type": "code",
      "source": [
        "print(\"ANÁLISIS DE CONVERGENCIA vs TOLERANCIA ε\")\n",
        "print(\"=\" * 70)\n",
        "print(\"Estudio de cómo varía M (número de términos) con la tolerancia ε\")\n",
        "print()\n",
        "\n",
        "tiempos_a_probar = [0.5, 1.0, 5.0]\n",
        "tolerancias = [1e-2, 1e-4, 1e-6, 1e-8, 1e-10] # 1e-4, es la que se nos pide en el ejercicio\n",
        "\n",
        "for t_val in tiempos_a_probar:\n",
        "    print(f\"Resultados para t = {t_val}:\")\n",
        "    print(\"-\" * 50)\n",
        "    print(f\"{'ε':<12} {'M':<10} {'Error real':<15} {'Cumple ε?':<10}\")\n",
        "    print(\"-\" * 50)\n",
        "    for eps in tolerancias:\n",
        "        _, M, error_real = uniformizacion_con_tolerancia(R, t_val, eps, verbose=False)\n",
        "        cumple = \"Sí\" if error_real <= eps else \"No\"\n",
        "        print(f\"{eps:<12.0e} {M:<10} {error_real:<15.2e} {cumple:<10}\")\n",
        "    print(\"\\n\" + \"=\" * 50 + \"\\n\")"
      ],
      "metadata": {
        "colab": {
          "base_uri": "https://localhost:8080/"
        },
        "id": "ZzxcHd8bM8Wt",
        "outputId": "945cf3c9-1180-464b-8452-dbd2ba37456a"
      },
      "execution_count": null,
      "outputs": [
        {
          "output_type": "stream",
          "name": "stdout",
          "text": [
            "ANÁLISIS DE CONVERGENCIA vs TOLERANCIA ε\n",
            "======================================================================\n",
            "Estudio de cómo varía M (número de términos) con la tolerancia ε\n",
            "\n",
            "Resultados para t = 0.5:\n",
            "--------------------------------------------------\n",
